Compound list:
trp: 1.0
iam_1: 0.0
iaa: 0.292642
ipa_1: 0.238995
ipa_2: 0.251905
tam_1: 0.826323
iaox: 0.0
ian_1: 0.0

Enzyme list:
trp_iam_1: 0
iam_1_iaa: 0.964073
trp_ipa_1: 0.238995
ipa_1_2: 0
ipa_2_iaa: 0.999867
ipa_1_iaa: 0.228024
trp_tam_1: 0.826323
tam_1_ipa_2: 0.30485
trp_iaox: 0
iaox_ian_1: 0
ian_1_iaa: 0.411662
ian_1_iam_1: 0
